Section,Index,Actual_ClosePrice,Predicted_ClosePrice,Reconstruction_Error,Scaled_Reconstruction_Error,iFMII,iFMII_rank,p_value_linear
1,19,7.28,7.337106236258222,0.0032611222195798664,0.3261122219579866,0.3261122219579866,29.0,0.725
2,19,7.35,7.328899237933942,0.0004452421597683894,0.04452421597683894,0.04452421597683894,36.0,0.9
3,18,7.2,7.264421969175137,0.004150190112402285,0.4150190112402285,1.762869997015358,12.0,0.3
3,19,7.4,7.223627638707464,0.03110720982790488,3.110720982790488,1.762869997015358,12.0,0.3
4,19,7.45,7.3291835140998,0.01459662326527336,1.459662326527336,1.459662326527336,14.0,0.35
5,19,7.41,7.239986519184223,0.028904583659096705,2.8904583659096703,2.8904583659096703,6.0,0.15
6,18,7.5,7.473407575658221,0.0007071570323732637,0.07071570323732637,0.4071136581383455,22.0,0.55
6,19,7.55,7.4637728805398575,0.007435116130393647,0.7435116130393646,0.4071136581383455,22.0,0.55
7,18,7.55,7.477543083523546,0.005250004745275786,0.5250004745275786,0.2849388846895964,30.0,0.75
7,19,7.5,7.521184261811924,0.00044877294851614194,0.044877294851614194,0.2849388846895964,30.0,0.75
8,19,7.41,7.489491370093209,0.006318877919295443,0.6318877919295444,0.6318877919295444,21.0,0.525
9,19,7.5,7.497567895615263,5.915131738257263e-06,0.0005915131738257263,0.0005915131738257263,39.0,0.975
10,19,7.59,7.500732901595306,0.007968614857593271,0.7968614857593271,0.7968614857593271,19.0,0.475
11,19,7.49,7.491769940672367,3.132689983699022e-06,0.00031326899836990217,0.00031326899836990217,40.0,1.0
12,19,7.5,7.48784142929806,0.00014783084151408015,0.014783084151408015,0.014783084151408015,37.0,0.925
13,19,7.7,7.549129032258035,0.022762048907397064,2.2762048907397063,2.2762048907397063,10.0,0.25
14,19,9.25,9.095776165490392,0.02378499113084698,2.378499113084698,2.378499113084698,9.0,0.225
15,18,9.52,9.3950129669416,0.015621758432741458,1.562175843274146,2.6857855172838354,7.0,0.175
15,19,9.36,9.555176719700212,0.03809395191293525,3.809395191293525,2.6857855172838354,7.0,0.175
16,19,9.14,9.286754912169494,0.0215370042458757,2.15370042458757,2.15370042458757,11.0,0.275
17,19,8.67,8.392387351045109,0.07706878285975162,7.706878285975162,7.706878285975162,2.0,0.05
18,19,8.4,8.487602600144223,0.00767421555202857,0.767421555202857,0.767421555202857,20.0,0.5
19,19,9.12,8.821072228407651,0.08935781262916709,8.93578126291671,8.93578126291671,1.0,0.025
20,19,8.9,8.904780075631402,2.2849123041921454e-05,0.0022849123041921455,0.0022849123041921455,38.0,0.95
21,19,9.29,9.198366343247468,0.008396727049840728,0.8396727049840729,0.8396727049840729,18.0,0.45
22,17,9.55,9.518871229346804,0.0009690003623793438,0.09690003623793438,4.753062984935451,3.0,0.075
22,18,9.93,9.56731622346176,0.13153952176404035,13.153952176404035,4.753062984935451,3.0,0.075
22,19,9.64,9.740415971944925,0.010083367421643858,1.0083367421643858,4.753062984935451,3.0,0.075
23,17,9.38,9.301547738687548,0.006154757305037406,0.6154757305037406,1.1053408260850428,15.0,0.375
23,18,9.31,9.343732099452817,0.0011378545334946898,0.11378545334946898,1.1053408260850428,15.0,0.375
23,19,9.15,9.31083411623166,0.025867612944019187,2.586761294401919,1.1053408260850428,15.0,0.375
24,15,9.1,9.15235186646554,0.002740717922425827,0.2740717922425827,0.3265259341561582,24.0,0.6
24,16,9.13,9.164610659804772,0.0011978977721216267,0.11978977721216266,0.3265259341561582,24.0,0.6
24,17,9.06,9.170671391982081,0.01224815700325132,1.224815700325132,0.3265259341561582,24.0,0.6
24,18,9.1,9.100951509250581,9.05369853942834e-07,9.05369853942834e-05,0.3265259341561582,24.0,0.6
24,19,9.23,9.218226358245845,0.0001386186401551916,0.01386186401551916,0.3265259341561582,24.0,0.6
25,16,9.1,9.0900803329578,9.839979422809432e-05,0.009839979422809432,0.12429813292361057,32.0,0.8
25,17,9.11,9.156431860521472,0.00215591767148551,0.215591767148551,0.12429813292361057,32.0,0.8
25,18,9.01,9.012335525842447,5.454680960739353e-06,0.0005454680960739353,0.12429813292361057,32.0,0.8
25,19,9.15,9.097921663138402,0.002712153170270079,0.2712153170270079,0.12429813292361057,32.0,0.8
