Section,Best_k,AIC,iFMII,iFMII_rank,p_value_linear
1,1,-26.00525168555896,0.33745440452040676,1.0,0.03571428571428571
2,1,-27.550968769118228,0.0,2.0,0.07142857142857142
3,1,-25.734309296972523,0.0,2.0,0.07142857142857142
4,1,-18.80151750393822,0.0,2.0,0.07142857142857142
5,1,-33.68202943206486,0.0,2.0,0.07142857142857142
6,1,-28.353369256482154,0.0,2.0,0.07142857142857142
7,1,-14.141427623108108,0.0,2.0,0.07142857142857142
8,1,-12.12971763679218,0.0,2.0,0.07142857142857142
9,2,-12.965512941424613,0.0,2.0,0.07142857142857142
10,2,-15.835055346889696,0.0,2.0,0.07142857142857142
11,2,-18.586969150709802,0.0,2.0,0.07142857142857142
12,3,-9.779918932154345,0.0,2.0,0.07142857142857142
13,1,-19.341077133067657,0.0,2.0,0.07142857142857142
14,2,-9.38664020965918,0.0,2.0,0.07142857142857142
15,1,-10.508454468597037,0.0,2.0,0.07142857142857142
16,1,-12.665890491205914,0.0,2.0,0.07142857142857142
17,2,-0.09186899630844003,0.0,2.0,0.07142857142857142
18,3,-0.8223864640428449,0.0,2.0,0.07142857142857142
19,1,-7.324752949288543,0.0,2.0,0.07142857142857142
20,1,-21.544137017491643,0.0,2.0,0.07142857142857142
21,3,8.557930820990878,0.0,2.0,0.07142857142857142
22,3,-16.0652518382313,0.0,2.0,0.07142857142857142
23,2,-2.749673086361634,0.0,2.0,0.07142857142857142
24,1,-3.137606190433438,0.0,2.0,0.07142857142857142
25,4,-5.044731068048414,0.0,2.0,0.07142857142857142
26,4,-6.626367224607861,0.0,2.0,0.07142857142857142
27,2,-29.873389716931314,0.0,2.0,0.07142857142857142
28,1,-34.42886693604957,0.0,2.0,0.07142857142857142
